32.0542
31.0391
31.9349
32.1092
26.8967
31.6254
31.9829
31.9758
30.8444
25.6425
30.6978
30.8277
30.7945
24.6811
30.8002
30.6475
31.4054
31.5636
26.7872
31.6188
27.782
31.3341
31.1822
31.4119
26.9539
31.3598
31.3678
31.3269
29.0178
28.2902
31.16
31.1516
31.949
31.9361
31.9927
32.0139
28.4861
29.4523
31.9255
31.8463
29.2576
29.1291
31.8781
31.7762
31.8804
31.8852
31.9555
31.9834
28.273
31.4074
31.4939
31.5285
27.1887
31.4155
31.6447
31.6602
31.449
28.0451
31.0302
31.4139
28.8458
29.4853
31.3266
31.3915
26.47
31.6805
31.6573
31.691
30.6122
28.6916
31.1977
31.5496
29.7073
30.9689
30.0578
31.5745
27.2504
31.4412
31.6185
31.6063
26.9466
31.4496
31.444
31.3088
27.5486
31.2887
31.2735
31.4805
31.8993
27.5994
31.9226
31.6291
31.9487
31.9997
31.8571
32.0138
28.1521
31.6374
31.5513
31.4924
29.5129
31.6337
31.4682
29.732
29.2041
29.2509
31.6694
31.6547
29.7724
31.7862
31.7796
31.762
25.345
31.7142
31.7888
31.7848
31.09
31.6779
31.7999
31.7195
27.896
31.1441
31.4498
31.5232
31.4131
31.5111
31.5288
26.275
31.7039
31.6431
31.7234
25.976
31.7716
30.3141
31.147
31.7849
31.7142
31.6862
31.7071
31.0581
24.2058
31.2936
31.6036
31.6302
28.8701
29.7327
31.8499
31.7447
31.5711
31.8298
31.8346
31.9039
25.9381
30.8582
30.923
31.0413
25.7486
31.0965
30.9143
31.0959
29.5675
31.5666
29.8699
31.5949
28.9273
31.6114
31.0324
31.6429
31.878
31.9528
31.621
31.767
31.8828
31.8502
31.8881
26.2374
31.6505
31.5493
28.8264
30.9019
31.6545
31.7044
27.5103
31.6355
29.7703
32.1076
29.8191
32.3014
32.0921
32.1169
32.1461
32.1383
32.2003
28.7247
32.2363
32.1685
32.2538
32.2308
31.863
32.1647
29.8067
31.7616
31.902
29.5531
27.4225
31.7225
31.7087
31.4991
32.2436
30.4677
32.3439
32.3382
32.214
32.338
32.1056
32.291
30.3784
31.8634
31.8758
31.5929
29.7983
31.7894
31.6769
29.7929
32.1063
32.1315
32.1418
32.1464
29.4705
30.0888
31.9995
32.0733
29.3736
31.5926
31.6981
29.6306
31.7737
31.7417
29.7613
31.8011
30.3308
30.9612
26.7887
31.059
25.7552
30.8717
31.0529
31.0572
30.1569
31.791
29.6037
31.7326
27.9051
31.7091
31.7597
31.7294
