9.7326
10.0737
10.0006
10.0688
10.0314
9.62969
9.7392
10.0264
10.0167
10.0168
10.0351
10.0706
9.97828
10.0062
9.57462
8.41153
8.63643
8.62417
8.5909
8.58329
8.58647
8.604
8.6159
8.58595
8.62716
8.61363
8.6191
8.62601
8.57741
8.59294
8.58168
8.61723
8.59298
8.62363
8.58727
8.5961
8.61099
8.6062
8.58913
8.5962
8.57842
8.58316
8.59578
8.60211
8.61412
8.58211
8.65244
8.65655
6.64441
10.0355
9.43647
9.88605
9.80183
9.41254
9.86392
9.56236
9.47807
9.40269
9.73539
9.73665
9.46697
10.3248
9.85715
9.47556
