18.555
16.3837
17.3196
15.8505
18.1524
15.9221
17.2686
15.9755
18.1415
16.8691
17.5298
15.9801
17.3453
15.8045
18.5568
16.3422
17.3163
15.4223
17.6772
16.3841
18.7513
16.3872
18.7128
16.4182
18.6264
16.4145
17.1886
15.7779
17.5509
15.4378
13.5858
14.6502
15.279
14.5069
15.4532
15.456
15.4713
15.5121
15.358
14.4239
15.0962
14.5467
14.5206
15.1167
15.4377
15.4404
14.4244
15.3182
14.3585
15.2781
15.433
15.4287
16.6832
16.4358
16.2012
16.2028
14.2799
14.9958
14.4301
15.0278
14.4897
15.1013
14.4858
15.0863
15.4322
15.4395
15.2816
14.4197
15.9717
15.9716
15.9393
15.9625
14.6018
15.3376
15.5096
15.515
15.5662
15.1015
15.1086
15.5491
15.3786
14.7556
15.5583
15.5547
15.0682
14.4556
14.4821
15.0689
16.0325
16.0369
15.9905
15.9916
14.4273
15.0368
14.4372
15.0227
10.1347
11.8953
18.4244
5.4831
16.3337
10.0294
16.4431
9.22048
17.1063
6.80411
17.7532
5.58378
18.0587
9.11331
16.9707
7.60701
17.5988
5.45762
16.7877
9.29831
18.2006
5.6216
17.7933
5.62613
17.7398
5.62952
18.391
5.64628
17.446
6.68881
17.2308
5.81141
