15.0215
11.3273
15.9435
12.5431
16.7996
13.2877
16.6362
13.1949
16.6558
13.1052
16.6433
13.145
16.8147
13.3052
16.7349
13.0865
14.4622
10.3716
15.8042
12.5427
16.8109
13.2792
16.787
13.1816
16.7281
13.2531
16.649
13.0437
15.1708
12.0408
10.5345
10.5768
11.6083
12.1474
12.1702
12.0014
12.2321
12.2876
12.3586
12.3629
12.2816
12.2486
12.2787
12.2637
12.2387
12.2881
12.2864
12.2292
12.3241
12.3255
11.9907
12.1761
12.1901
12.1061
12.1458
11.5631
11.7032
12.1201
11.8228
12.1842
11.9085
11.9501
12.0076
12.1947
12.1964
12.1406
12.2428
12.2433
12.2297
12.2286
11.8431
12.1675
12.2181
12.2149
12.0467
12.1849
11.5571
12.1067
12.0961
11.8592
12.2959
12.2942
12.1522
12.2392
11.8136
12.1772
12.2643
12.2651
11.6736
11.9863
11.5223
12.0625
12.2384
12.2003
12.39
12.3909
9.27885
9.29572
14.9956
7.16154
15.9405
5.99788
16.7978
5.57128
16.6288
5.59494
16.6778
5.61398
16.6799
5.57854
16.8193
5.75141
16.7207
5.46883
14.4794
6.49274
15.8146
5.62371
16.8265
5.63383
16.8111
5.61748
16.7271
5.61394
16.5364
5.6408
15.1481
5.62755
