7.35284
8.01456
8.02529
8.03332
8.11092
8.0915
8.0115
7.28307
7.98776
8.0429
8.13651
8.09086
8.0585
8.06358
7.80424
5.35183
5.41199
5.44212
5.4324
5.40184
5.40595
5.43835
5.42869
5.41346
5.39903
5.42318
5.42459
5.4298
5.40482
5.42643
5.42165
5.40884
5.38935
5.43073
5.40017
5.43168
5.44577
5.4398
5.41557
5.40576
5.42214
5.3947
5.45725
5.45733
5.42058
5.38908
5.42692
5.43738
5.47718
7.36423
8.06955
8.09833
8.06509
8.12018
8.11601
8.02308
7.30631
8.04244
8.07868
8.14697
8.11436
8.07191
8.03244
7.7977
