11.0802
11.1137
11.0713
11.1037
11.0141
11.0166
10.3765
11.2786
11.8783
11.8627
11.0227
11.063
10.4095
11.2384
10.8514
10.2213
10.1757
10.1548
10.1527
10.1602
10.15
10.1587
10.144
10.1582
10.1632
10.1434
10.1517
10.1589
10.1619
10.1539
10.1509
10.1489
10.1538
10.1405
10.1479
10.1608
10.143
10.159
10.1557
10.1661
10.1424
10.1499
10.1663
10.1581
10.1502
10.1415
10.1741
10.1752
9.26171
10.7422
10.7462
10.699
10.696
10.6592
10.9011
10.4242
10.6461
11.2115
11.5407
10.9088
10.6834
10.1635
10.7171
10.4109
